version https://git-lfs.github.com/spec/v1
oid sha256:2d8b25152f3ca6da542c6c0305e17a453656f9d303868c3e2d0bf08f42bfd187
size 14
