version https://git-lfs.github.com/spec/v1
oid sha256:9704f04c84d1676913c8735a4a655d2856774f2a96ee8bbc606dff15a328754a
size 2388
